dividendRate,dividendYield,payoutRatio,lastDividendValue,lastDividendDate,symbol
,,,,,JIYAECO
